88
88
88
89
89
90
90
90
91
91
91
92
92
92
93
93
93
89
88
80
52
22
22
22
22
22
22
23
23
23
23
23
23
23
23
23
23
24
24
24
24
24
24
24
25
25
25
25
25
26
26
26
23
15
124
133
134
134
135
135
135
135
135
135
136
136
136
137
137
137
137
138
138
138
138
138
139
139
139
140
140
140
140
140
140
140
139
138
137
135
134
132
131
128
126
124
120
118
114
111
106
102
99
184
246
153
132
138
135
159
141
137
160
126
157
145
158
143
165
174
254
255
255
83
59
48
43
47
27
47
208
255
255
255
255
152
255
253
186
181
172
189
188
183
168
185
184
172
168
172
190
183
193
175
195
198
172
174
173
165
182
202
187
180
185
178
186
187
196
199
171
186
215
255
155
151
150
140
113
117
121
125
128
131
134
137
139
142
144
146
147
149
150
149
149
149
149
149
149
149
149
149
149
149
149
149
149
149
149
149
149
148
149
148
148
149
148
149
148
148
148
148
148
148
148
147
147
147
147
147
146
146
146
146
145
146
146
145
145
144
145
144
144
143
143
144
143
143
142
142
142
142
142
141
141
141
