190
190
190
190
190
190
190
190
190
190
190
190
190
190
190
190
190
190
190
190
190
190
190
190
190
172
97
94
103
92
97
94
90
84
84
91
79
80
84
88
83
83
89
91
91
98
95
96
93
95
97
103
104
100
103
105
107
110
114
109
108
102
104
104
105
104
110
108
107
103
109
113
110
109
108
103
104
108
104
100
112
108
102
106
103
108
106
102
99
103
105
98
102
100
96
94
94
100
98
100
99
98
99
97
100
102
99
106
103
102
94
96
99
109
107
93
94
98
99
107
95
96
104
107
91
93
98
97
96
94
91
99
95
102
89
89
95
99
93
95
96
90
85
95
92
89
94
87
90
92
84
80
91
92
86
92
94
91
96
80
82
94
85
84
84
83
91
83
89
103
98
116
102
100
106
89
97
99
75
75
109
129
128
168
177
116
126
79
83
39
34
34
43
47
53
50
48
47
50
47
47
47
43
46
44
47
43
43
43
41
46
32
39
40
41
43
43
45
45
44
45
45
50
48
46
41
41
25
23
36
37
46
53
57
62
64
58
58
69
60
64
71
66
70
70
78
72
70
93
95
93
89
122
118
115
136
